15 -1 #SUP: 16
2 -1 8 -1 16 -1 #SUP: 3
10 -1 13 -1 15 -1 15 -1 15 -1 15 -1 15 -1 16 -1 15 -1 15 -1 #SUP: 3
10 -1 13 -1 13 -1 15 -1 15 -1 15 -1 15 -1 16 -1 15 -1 15 -1 #SUP: 3
10 -1 13 -1 13 -1 15 -1 15 -1 18 -1 #SUP: 3
5 -1 #SUP: 16
10 -1 13 -1 15 -1 16 -1 15 -1 16 -1 16 -1 15 -1 15 -1 15 -1 15 -1 #SUP: 3
2 -1 3 -1 5 -1 13 -1 15 -1 16 -1 #SUP: 3
4 -1 1 -1 5 -1 13 -1 15 -1 16 -1 #SUP: 3
10 -1 13 -1 15 -1 15 -1 15 -1 15 -1 15 -1 19 -1 15 -1 19 -1 19 -1 19 -1 #SUP: 3
10 -1 13 -1 15 -1 15 -1 15 -1 15 -1 15 -1 21 -1 #SUP: 3
10 -1 13 -1 15 -1 15 -1 16 -1 15 -1 15 -1 19 -1 19 -1 19 -1 19 -1 #SUP: 3
10 -1 13 -1 15 -1 15 -1 16 -1 15 -1 19 -1 15 -1 19 -1 19 -1 19 -1 #SUP: 3
10 -1 13 -1 15 -1 15 -1 16 -1 15 -1 21 -1 #SUP: 3
13 -1 13 -1 13 -1 15 -1 16 -1 #SUP: 3
1 -1 5 -1 10 -1 13 -1 15 -1 15 -1 15 -1 15 -1 15 -1 15 -1 #SUP: 3
1 -1 5 -1 10 -1 13 -1 15 -1 15 -1 16 -1 15 -1 15 -1 #SUP: 3
2 -1 5 -1 10 -1 13 -1 15 -1 15 -1 15 -1 15 -1 15 -1 15 -1 #SUP: 3
2 -1 5 -1 10 -1 13 -1 15 -1 15 -1 16 -1 15 -1 15 -1 #SUP: 3
4 -1 1 -1 5 -1 10 -1 #SUP: 3
10 -1 13 -1 15 -1 15 -1 15 -1 15 -1 16 -1 15 -1 15 -1 #SUP: 4
4 -1 10 -1 13 -1 #SUP: 3
1 -1 2 -1 5 -1 13 -1 15 -1 16 -1 #SUP: 3
4 -1 1 -1 8 -1 #SUP: 3
2 -1 4 -1 10 -1 #SUP: 3
4 -1 3 -1 5 -1 #SUP: 3
4 -1 8 -1 13 -1 #SUP: 3
13 -1 13 -1 15 -1 16 -1 #SUP: 4
4 -1 2 -1 5 -1 13 -1 13 -1 #SUP: 3
1 -1 5 -1 10 -1 19 -1 #SUP: 3
4 -1 1 -1 2 -1 5 -1 #SUP: 3
10 -1 15 -1 13 -1 15 -1 #SUP: 3
1 -1 2 -1 5 -1 13 -1 13 -1 #SUP: 3
1 -1 5 -1 13 -1 15 -1 16 -1 #SUP: 4
2 -1 5 -1 13 -1 15 -1 16 -1 #SUP: 4
3 -1 1 -1 8 -1 5 -1 #SUP: 3
3 -1 1 -1 8 -1 10 -1 #SUP: 3
13 -1 10 -1 15 -1 15 -1 #SUP: 3
2 -1 9 -1 8 -1 13 -1 #SUP: 3
2 -1 16 -1 #SUP: 5
10 -1 13 -1 13 -1 15 -1 15 -1 19 -1 15 -1 #SUP: 3
10 -1 13 -1 13 -1 15 -1 15 -1 19 -1 19 -1 19 -1 19 -1 #SUP: 3
10 -1 13 -1 13 -1 15 -1 19 -1 15 -1 19 -1 19 -1 19 -1 #SUP: 3
4 -1 2 -1 8 -1 10 -1 #SUP: 3
4 -1 2 -1 9 -1 10 -1 #SUP: 3
4 -1 5 -1 13 -1 #SUP: 4
1 -1 2 -1 5 -1 13 -1 8 -1 #SUP: 3
1 -1 5 -1 10 -1 #SUP: 4
1 -1 8 -1 13 -1 15 -1 #SUP: 3
2 -1 8 -1 5 -1 #SUP: 3
2 -1 9 -1 5 -1 #SUP: 3
3 -1 5 -1 10 -1 13 -1 15 -1 15 -1 15 -1 #SUP: 3
4 -1 9 -1 8 -1 5 -1 #SUP: 3
4 -1 9 -1 8 -1 10 -1 #SUP: 3
10 -1 13 -1 15 -1 15 -1 15 -1 15 -1 15 -1 15 -1 #SUP: 5
10 -1 13 -1 15 -1 15 -1 16 -1 15 -1 15 -1 #SUP: 5
1 -1 2 -1 8 -1 9 -1 #SUP: 3
2 -1 10 -1 13 -1 #SUP: 4
2 -1 5 -1 13 -1 13 -1 13 -1 #SUP: 3
2 -1 8 -1 13 -1 13 -1 13 -1 #SUP: 3
10 -1 13 -1 13 -1 15 -1 15 -1 15 -1 21 -1 #SUP: 3
3 -1 8 -1 13 -1 15 -1 #SUP: 3
4 -1 1 -1 10 -1 #SUP: 4
4 -1 8 -1 8 -1 #SUP: 3
10 -1 13 -1 15 -1 19 -1 15 -1 15 -1 #SUP: 3
3 -1 5 -1 13 -1 13 -1 15 -1 #SUP: 3
3 -1 8 -1 10 -1 13 -1 #SUP: 3
10 -1 13 -1 13 -1 13 -1 13 -1 15 -1 15 -1 15 -1 #SUP: 3
8 -1 #SUP: 18
1 -1 15 -1 19 -1 #SUP: 3
2 -1 8 -1 10 -1 #SUP: 4
2 -1 9 -1 10 -1 #SUP: 4
1 -1 2 -1 5 -1 8 -1 8 -1 #SUP: 3
1 -1 8 -1 5 -1 13 -1 #SUP: 3
1 -1 8 -1 10 -1 13 -1 #SUP: 3
5 -1 10 -1 13 -1 15 -1 15 -1 19 -1 19 -1 19 -1 15 -1 #SUP: 3
5 -1 10 -1 13 -1 15 -1 15 -1 19 -1 19 -1 19 -1 19 -1 19 -1 19 -1 #SUP: 3
5 -1 10 -1 13 -1 15 -1 19 -1 19 -1 15 -1 19 -1 19 -1 19 -1 19 -1 #SUP: 3
5 -1 10 -1 13 -1 15 -1 19 -1 19 -1 19 -1 15 -1 19 -1 19 -1 19 -1 #SUP: 3
15 -1 15 -1 19 -1 19 -1 19 -1 19 -1 19 -1 19 -1 19 -1 19 -1 #SUP: 3
1 -1 2 -1 5 -1 13 -1 #SUP: 4
1 -1 10 -1 13 -1 13 -1 #SUP: 3
3 -1 5 -1 10 -1 19 -1 #SUP: 3
8 -1 13 -1 8 -1 #SUP: 3
1 -1 10 -1 8 -1 #SUP: 3
2 -1 8 -1 13 -1 #SUP: 4
3 -1 5 -1 8 -1 8 -1 13 -1 13 -1 #SUP: 3
3 -1 5 -1 8 -1 13 -1 13 -1 13 -1 #SUP: 3
3 -1 9 -1 5 -1 #SUP: 3
3 -1 9 -1 10 -1 #SUP: 3
10 -1 #SUP: 19
1 -1 4 -1 10 -1 #SUP: 4
1 -1 5 -1 15 -1 15 -1 #SUP: 4
1 -1 8 -1 8 -1 8 -1 #SUP: 3
1 -1 10 -1 13 -1 15 -1 #SUP: 4
1 -1 10 -1 15 -1 15 -1 #SUP: 4
2 -1 5 -1 13 -1 13 -1 #SUP: 4
3 -1 9 -1 8 -1 13 -1 #SUP: 3
4 -1 2 -1 8 -1 #SUP: 4
4 -1 2 -1 10 -1 5 -1 #SUP: 3
4 -1 9 -1 10 -1 5 -1 #SUP: 3
1 -1 5 -1 13 -1 13 -1 13 -1 #SUP: 3
1 -1 8 -1 13 -1 13 -1 13 -1 #SUP: 3
3 -1 5 -1 13 -1 15 -1 #SUP: 4
5 -1 10 -1 13 -1 15 -1 15 -1 15 -1 21 -1 #SUP: 3
9 -1 8 -1 5 -1 13 -1 #SUP: 3
9 -1 8 -1 10 -1 13 -1 #SUP: 3
10 -1 13 -1 15 -1 15 -1 19 -1 15 -1 #SUP: 4
10 -1 13 -1 15 -1 15 -1 19 -1 19 -1 19 -1 19 -1 #SUP: 4
10 -1 13 -1 15 -1 19 -1 15 -1 19 -1 19 -1 19 -1 #SUP: 4
13 -1 15 -1 16 -1 #SUP: 6
3 -1 8 -1 8 -1 8 -1 #SUP: 3
15 -1 19 -1 8 -1 19 -1 19 -1 19 -1 #SUP: 3
16 -1 #SUP: 7
3 -1 1 -1 5 -1 #SUP: 4
3 -1 1 -1 10 -1 #SUP: 4
3 -1 5 -1 13 -1 8 -1 13 -1 #SUP: 3
4 -1 1 -1 5 -1 #SUP: 5
4 -1 8 -1 5 -1 #SUP: 4
3 -1 5 -1 10 -1 13 -1 13 -1 #SUP: 3
8 -1 10 -1 5 -1 13 -1 13 -1 13 -1 13 -1 13 -1 #SUP: 3
10 -1 13 -1 15 -1 15 -1 15 -1 21 -1 #SUP: 4
4 -1 9 -1 5 -1 #SUP: 4
8 -1 5 -1 9 -1 8 -1 #SUP: 3
8 -1 5 -1 10 -1 13 -1 15 -1 #SUP: 3
8 -1 8 -1 9 -1 8 -1 #SUP: 3
8 -1 10 -1 8 -1 #SUP: 3
15 -1 15 -1 13 -1 13 -1 #SUP: 3
1 -1 8 -1 13 -1 #SUP: 4
2 -1 9 -1 8 -1 #SUP: 4
1 -1 5 -1 13 -1 13 -1 #SUP: 4
3 -1 8 -1 10 -1 #SUP: 4
5 -1 13 -1 8 -1 13 -1 13 -1 #SUP: 3
9 -1 13 -1 13 -1 13 -1 #SUP: 3
1 -1 2 -1 5 -1 8 -1 #SUP: 4
1 -1 8 -1 10 -1 5 -1 #SUP: 3
1 -1 19 -1 #SUP: 4
4 -1 8 -1 10 -1 #SUP: 5
8 -1 5 -1 15 -1 15 -1 #SUP: 3
8 -1 10 -1 15 -1 15 -1 #SUP: 3
1 -1 5 -1 13 -1 15 -1 #SUP: 5
1 -1 8 -1 8 -1 #SUP: 4
8 -1 8 -1 13 -1 13 -1 15 -1 #SUP: 3
3 -1 5 -1 10 -1 13 -1 #SUP: 4
4 -1 9 -1 10 -1 #SUP: 5
5 -1 13 -1 13 -1 13 -1 13 -1 13 -1 13 -1 13 -1 13 -1 13 -1 13 -1 13 -1 13 -1 13 -1 13 -1 #SUP: 3
8 -1 10 -1 13 -1 13 -1 13 -1 13 -1 13 -1 13 -1 13 -1 13 -1 13 -1 13 -1 13 -1 13 -1 13 -1 13 -1 #SUP: 3
9 -1 8 -1 13 -1 13 -1 #SUP: 3
2 -1 9 -1 #SUP: 5
3 -1 8 -1 8 -1 #SUP: 4
4 -1 2 -1 10 -1 #SUP: 5
5 -1 8 -1 9 -1 #SUP: 3
9 -1 5 -1 10 -1 13 -1 15 -1 15 -1 #SUP: 3
9 -1 8 -1 13 -1 15 -1 15 -1 #SUP: 3
9 -1 9 -1 9 -1 8 -1 9 -1 #SUP: 3
9 -1 9 -1 9 -1 9 -1 8 -1 #SUP: 3
10 -1 8 -1 9 -1 #SUP: 3
10 -1 9 -1 8 -1 #SUP: 3
15 -1 13 -1 #SUP: 4
5 -1 9 -1 13 -1 8 -1 #SUP: 3
5 -1 9 -1 13 -1 13 -1 #SUP: 3
5 -1 10 -1 13 -1 13 -1 15 -1 15 -1 19 -1 19 -1 #SUP: 3
5 -1 13 -1 13 -1 8 -1 #SUP: 3
8 -1 8 -1 5 -1 10 -1 #SUP: 3
8 -1 9 -1 8 -1 8 -1 #SUP: 3
8 -1 9 -1 9 -1 9 -1 8 -1 #SUP: 3
8 -1 13 -1 15 -1 15 -1 15 -1 #SUP: 3
9 -1 13 -1 13 -1 8 -1 #SUP: 3
10 -1 13 -1 13 -1 8 -1 #SUP: 3
1 -1 2 -1 8 -1 #SUP: 5
3 -1 10 -1 13 -1 13 -1 13 -1 #SUP: 3
5 -1 10 -1 13 -1 13 -1 15 -1 15 -1 15 -1 #SUP: 3
3 -1 9 -1 #SUP: 4
5 -1 5 -1 #SUP: 3
8 -1 19 -1 19 -1 19 -1 19 -1 19 -1 19 -1 19 -1 19 -1 19 -1 19 -1 19 -1 19 -1 19 -1 #SUP: 3
9 -1 10 -1 8 -1 #SUP: 3
13 -1 13 -1 13 -1 13 -1 13 -1 13 -1 13 -1 13 -1 13 -1 #SUP: 4
15 -1 19 -1 19 -1 19 -1 19 -1 19 -1 19 -1 19 -1 19 -1 19 -1 19 -1 19 -1 19 -1 19 -1 #SUP: 3
1 -1 10 -1 13 -1 #SUP: 5
8 -1 9 -1 13 -1 13 -1 #SUP: 3
15 -1 19 -1 15 -1 19 -1 19 -1 19 -1 19 -1 19 -1 #SUP: 3
4 -1 2 -1 5 -1 #SUP: 5
5 -1 8 -1 8 -1 #SUP: 4
5 -1 13 -1 8 -1 13 -1 15 -1 #SUP: 3
5 -1 13 -1 13 -1 13 -1 15 -1 #SUP: 3
10 -1 13 -1 13 -1 15 -1 15 -1 19 -1 19 -1 #SUP: 4
2 -1 5 -1 13 -1 #SUP: 6
5 -1 8 -1 13 -1 13 -1 13 -1 13 -1 13 -1 13 -1 13 -1 #SUP: 3
4 -1 8 -1 #SUP: 6
8 -1 5 -1 10 -1 #SUP: 4
9 -1 8 -1 5 -1 #SUP: 4
9 -1 8 -1 10 -1 #SUP: 4
8 -1 8 -1 10 -1 13 -1 13 -1 #SUP: 3
8 -1 8 -1 19 -1 #SUP: 3
9 -1 5 -1 13 -1 13 -1 #SUP: 3
10 -1 13 -1 13 -1 13 -1 15 -1 15 -1 15 -1 #SUP: 4
13 -1 8 -1 13 -1 13 -1 13 -1 13 -1 13 -1 13 -1 13 -1 #SUP: 3
3 -1 10 -1 13 -1 13 -1 #SUP: 4
15 -1 8 -1 #SUP: 4
4 -1 2 -1 #SUP: 6
9 -1 9 -1 8 -1 13 -1 #SUP: 3
9 -1 9 -1 13 -1 13 -1 #SUP: 3
15 -1 19 -1 19 -1 19 -1 19 -1 19 -1 19 -1 19 -1 19 -1 #SUP: 4
8 -1 9 -1 10 -1 #SUP: 4
10 -1 13 -1 8 -1 13 -1 #SUP: 3
15 -1 19 -1 15 -1 19 -1 19 -1 19 -1 19 -1 #SUP: 4
1 -1 10 -1 5 -1 #SUP: 4
3 -1 5 -1 8 -1 13 -1 #SUP: 4
3 -1 5 -1 10 -1 #SUP: 5
3 -1 5 -1 13 -1 13 -1 13 -1 #SUP: 4
9 -1 9 -1 5 -1 #SUP: 3
9 -1 9 -1 10 -1 #SUP: 3
5 -1 10 -1 13 -1 15 -1 15 -1 19 -1 19 -1 #SUP: 4
8 -1 10 -1 13 -1 13 -1 13 -1 13 -1 13 -1 #SUP: 4
9 -1 10 -1 13 -1 13 -1 15 -1 #SUP: 3
1 -1 5 -1 13 -1 #SUP: 6
8 -1 9 -1 15 -1 #SUP: 3
9 -1 5 -1 13 -1 #SUP: 4
1 -1 2 -1 10 -1 #SUP: 6
3 -1 10 -1 13 -1 #SUP: 5
5 -1 10 -1 13 -1 13 -1 13 -1 #SUP: 3
8 -1 19 -1 19 -1 19 -1 #SUP: 4
10 -1 13 -1 13 -1 15 -1 15 -1 15 -1 #SUP: 5
15 -1 19 -1 15 -1 19 -1 19 -1 19 -1 #SUP: 5
1 -1 8 -1 5 -1 #SUP: 5
5 -1 8 -1 13 -1 13 -1 13 -1 #SUP: 4
8 -1 5 -1 13 -1 15 -1 #SUP: 4
8 -1 10 -1 13 -1 15 -1 #SUP: 4
10 -1 13 -1 15 -1 15 -1 19 -1 19 -1 #SUP: 5
13 -1 8 -1 15 -1 15 -1 #SUP: 3
3 -1 8 -1 13 -1 #SUP: 5
13 -1 8 -1 13 -1 13 -1 #SUP: 4
13 -1 13 -1 13 -1 15 -1 #SUP: 5
1 -1 2 -1 5 -1 #SUP: 6
3 -1 5 -1 13 -1 13 -1 #SUP: 5
5 -1 9 -1 8 -1 #SUP: 4
9 -1 10 -1 13 -1 15 -1 #SUP: 4
5 -1 10 -1 13 -1 15 -1 15 -1 15 -1 #SUP: 5
9 -1 9 -1 8 -1 15 -1 15 -1 19 -1 19 -1 #SUP: 3
15 -1 21 -1 #SUP: 5
1 -1 8 -1 10 -1 #SUP: 6
5 -1 13 -1 8 -1 13 -1 #SUP: 4
1 -1 15 -1 #SUP: 6
15 -1 15 -1 19 -1 19 -1 19 -1 19 -1 19 -1 19 -1 #SUP: 5
2 -1 8 -1 #SUP: 8
4 -1 5 -1 #SUP: 7
8 -1 8 -1 5 -1 #SUP: 4
8 -1 8 -1 15 -1 #SUP: 4
3 -1 5 -1 13 -1 #SUP: 6
5 -1 10 -1 13 -1 8 -1 #SUP: 4
5 -1 10 -1 19 -1 #SUP: 5
9 -1 8 -1 15 -1 15 -1 #SUP: 4
9 -1 9 -1 9 -1 8 -1 #SUP: 4
15 -1 15 -1 19 -1 19 -1 19 -1 19 -1 #SUP: 6
8 -1 13 -1 13 -1 15 -1 #SUP: 4
9 -1 10 -1 13 -1 13 -1 #SUP: 4
13 -1 8 -1 13 -1 15 -1 #SUP: 4
5 -1 13 -1 13 -1 13 -1 13 -1 13 -1 13 -1 13 -1 13 -1 #SUP: 4
8 -1 13 -1 13 -1 13 -1 13 -1 13 -1 13 -1 13 -1 #SUP: 4
10 -1 13 -1 13 -1 13 -1 13 -1 13 -1 13 -1 13 -1 13 -1 #SUP: 4
8 -1 9 -1 9 -1 8 -1 #SUP: 4
8 -1 13 -1 15 -1 15 -1 #SUP: 4
5 -1 10 -1 13 -1 13 -1 15 -1 15 -1 #SUP: 4
9 -1 8 -1 13 -1 #SUP: 5
10 -1 19 -1 #SUP: 6
3 -1 8 -1 #SUP: 6
10 -1 13 -1 13 -1 13 -1 13 -1 13 -1 13 -1 #SUP: 5
13 -1 13 -1 13 -1 13 -1 13 -1 13 -1 13 -1 13 -1 #SUP: 5
9 -1 10 -1 13 -1 #SUP: 5
10 -1 13 -1 15 -1 15 -1 15 -1 #SUP: 7
8 -1 8 -1 13 -1 13 -1 #SUP: 5
8 -1 10 -1 5 -1 #SUP: 5
2 -1 10 -1 #SUP: 8
4 -1 10 -1 #SUP: 8
2 -1 5 -1 #SUP: 8
8 -1 5 -1 13 -1 13 -1 #SUP: 5
1 -1 2 -1 #SUP: 8
5 -1 8 -1 13 -1 #SUP: 5
5 -1 13 -1 13 -1 13 -1 13 -1 13 -1 #SUP: 5
8 -1 13 -1 13 -1 13 -1 13 -1 13 -1 #SUP: 5
10 -1 13 -1 8 -1 #SUP: 5
1 -1 8 -1 #SUP: 8
3 -1 10 -1 #SUP: 7
8 -1 19 -1 19 -1 #SUP: 5
9 -1 13 -1 13 -1 #SUP: 5
10 -1 13 -1 13 -1 15 -1 15 -1 #SUP: 6
13 -1 8 -1 13 -1 #SUP: 5
8 -1 8 -1 10 -1 #SUP: 5
9 -1 15 -1 #SUP: 5
4 -1 #SUP: 9
8 -1 5 -1 13 -1 #SUP: 6
10 -1 13 -1 13 -1 13 -1 13 -1 13 -1 #SUP: 6
9 -1 5 -1 #SUP: 6
5 -1 10 -1 13 -1 15 -1 15 -1 #SUP: 6
8 -1 9 -1 8 -1 #SUP: 5
5 -1 10 -1 13 -1 13 -1 15 -1 #SUP: 5
9 -1 13 -1 #SUP: 6
10 -1 5 -1 #SUP: 6
5 -1 13 -1 8 -1 #SUP: 6
8 -1 13 -1 13 -1 13 -1 #SUP: 6
3 -1 5 -1 #SUP: 8
8 -1 8 -1 8 -1 #SUP: 6
9 -1 9 -1 8 -1 #SUP: 5
15 -1 15 -1 19 -1 19 -1 #SUP: 7
10 -1 13 -1 13 -1 13 -1 13 -1 #SUP: 7
8 -1 19 -1 #SUP: 6
5 -1 13 -1 13 -1 15 -1 #SUP: 6
1 -1 5 -1 #SUP: 9
8 -1 10 -1 13 -1 13 -1 #SUP: 6
10 -1 8 -1 #SUP: 6
10 -1 13 -1 15 -1 15 -1 #SUP: 8
2 -1 #SUP: 11
10 -1 13 -1 13 -1 15 -1 #SUP: 7
8 -1 10 -1 13 -1 #SUP: 7
5 -1 10 -1 13 -1 15 -1 #SUP: 7
5 -1 10 -1 13 -1 13 -1 #SUP: 6
5 -1 15 -1 15 -1 #SUP: 7
9 -1 10 -1 #SUP: 8
1 -1 10 -1 #SUP: 10
13 -1 8 -1 #SUP: 7
5 -1 13 -1 13 -1 13 -1 #SUP: 7
8 -1 15 -1 15 -1 #SUP: 6
8 -1 9 -1 #SUP: 7
15 -1 19 -1 #SUP: 8
8 -1 13 -1 15 -1 #SUP: 7
10 -1 13 -1 13 -1 13 -1 #SUP: 8
10 -1 15 -1 15 -1 #SUP: 9
13 -1 15 -1 15 -1 #SUP: 9
5 -1 10 -1 13 -1 #SUP: 8
5 -1 8 -1 #SUP: 8
13 -1 13 -1 13 -1 #SUP: 9
19 -1 #SUP: 9
9 -1 8 -1 #SUP: 8
13 -1 13 -1 15 -1 #SUP: 9
5 -1 13 -1 15 -1 #SUP: 9
8 -1 13 -1 13 -1 #SUP: 8
5 -1 10 -1 #SUP: 9
8 -1 5 -1 #SUP: 9
10 -1 13 -1 15 -1 #SUP: 10
1 -1 #SUP: 12
8 -1 15 -1 #SUP: 8
13 -1 15 -1 #SUP: 11
9 -1 #SUP: 10
8 -1 8 -1 #SUP: 9
8 -1 10 -1 #SUP: 11
8 -1 13 -1 #SUP: 10
5 -1 13 -1 13 -1 #SUP: 10
10 -1 13 -1 13 -1 #SUP: 11
15 -1 15 -1 #SUP: 12
5 -1 13 -1 #SUP: 12
10 -1 13 -1 #SUP: 13
13 -1 13 -1 #SUP: 13
13 -1 #SUP: 15
