10 -1 13 -1 13 -1 #SUP: 11
1 -1 10 -1 #SUP: 10
15 -1 #SUP: 16
10 -1 15 -1 15 -1 #SUP: 9
13 -1 15 -1 15 -1 #SUP: 9
15 -1 15 -1 #SUP: 12
5 -1 13 -1 #SUP: 12
10 -1 13 -1 #SUP: 13
5 -1 #SUP: 16
13 -1 13 -1 13 -1 #SUP: 9
19 -1 #SUP: 9
13 -1 13 -1 15 -1 #SUP: 9
5 -1 13 -1 15 -1 #SUP: 9
5 -1 10 -1 #SUP: 9
8 -1 5 -1 #SUP: 9
10 -1 13 -1 15 -1 #SUP: 10
1 -1 #SUP: 12
13 -1 13 -1 #SUP: 13
4 -1 #SUP: 9
8 -1 #SUP: 18
13 -1 15 -1 #SUP: 11
9 -1 #SUP: 10
8 -1 8 -1 #SUP: 9
10 -1 #SUP: 19
1 -1 5 -1 #SUP: 9
8 -1 10 -1 #SUP: 11
13 -1 #SUP: 15
2 -1 #SUP: 11
8 -1 13 -1 #SUP: 10
5 -1 13 -1 13 -1 #SUP: 10
