5 -1 10 -1 13 -1 13 -1 #SUP: 6
5 -1 15 -1 15 -1 #SUP: 7
9 -1 10 -1 #SUP: 8
1 -1 10 -1 #SUP: 10
13 -1 8 -1 #SUP: 7
15 -1 #SUP: 16
5 -1 13 -1 13 -1 13 -1 #SUP: 7
8 -1 15 -1 15 -1 #SUP: 6
8 -1 9 -1 #SUP: 7
15 -1 19 -1 #SUP: 8
8 -1 13 -1 15 -1 #SUP: 7
10 -1 13 -1 13 -1 13 -1 #SUP: 8
10 -1 15 -1 15 -1 #SUP: 9
13 -1 15 -1 15 -1 #SUP: 9
5 -1 10 -1 13 -1 #SUP: 8
5 -1 #SUP: 16
5 -1 8 -1 #SUP: 8
13 -1 13 -1 13 -1 #SUP: 9
19 -1 #SUP: 9
9 -1 8 -1 #SUP: 8
13 -1 13 -1 15 -1 #SUP: 9
5 -1 13 -1 15 -1 #SUP: 9
8 -1 13 -1 13 -1 #SUP: 8
5 -1 10 -1 #SUP: 9
8 -1 5 -1 #SUP: 9
10 -1 13 -1 15 -1 #SUP: 10
1 -1 #SUP: 12
8 -1 15 -1 #SUP: 8
8 -1 #SUP: 18
13 -1 15 -1 #SUP: 11
9 -1 #SUP: 10
8 -1 8 -1 #SUP: 9
10 -1 #SUP: 19
13 -1 15 -1 16 -1 #SUP: 6
16 -1 #SUP: 7
8 -1 10 -1 #SUP: 11
8 -1 13 -1 #SUP: 10
5 -1 13 -1 13 -1 #SUP: 10
2 -1 5 -1 13 -1 #SUP: 6
10 -1 13 -1 13 -1 #SUP: 11
4 -1 8 -1 #SUP: 6
4 -1 2 -1 #SUP: 6
1 -1 5 -1 13 -1 #SUP: 6
1 -1 2 -1 10 -1 #SUP: 6
1 -1 2 -1 5 -1 #SUP: 6
15 -1 15 -1 #SUP: 12
1 -1 8 -1 10 -1 #SUP: 6
5 -1 13 -1 #SUP: 12
1 -1 15 -1 #SUP: 6
2 -1 8 -1 #SUP: 8
4 -1 5 -1 #SUP: 7
10 -1 13 -1 #SUP: 13
3 -1 5 -1 13 -1 #SUP: 6
15 -1 15 -1 19 -1 19 -1 19 -1 19 -1 #SUP: 6
10 -1 19 -1 #SUP: 6
3 -1 8 -1 #SUP: 6
10 -1 13 -1 15 -1 15 -1 15 -1 #SUP: 7
2 -1 10 -1 #SUP: 8
4 -1 10 -1 #SUP: 8
2 -1 5 -1 #SUP: 8
1 -1 2 -1 #SUP: 8
1 -1 8 -1 #SUP: 8
3 -1 10 -1 #SUP: 7
10 -1 13 -1 13 -1 15 -1 15 -1 #SUP: 6
13 -1 13 -1 #SUP: 13
4 -1 #SUP: 9
8 -1 5 -1 13 -1 #SUP: 6
10 -1 13 -1 13 -1 13 -1 13 -1 13 -1 #SUP: 6
9 -1 5 -1 #SUP: 6
5 -1 10 -1 13 -1 15 -1 15 -1 #SUP: 6
9 -1 13 -1 #SUP: 6
10 -1 5 -1 #SUP: 6
5 -1 13 -1 8 -1 #SUP: 6
8 -1 13 -1 13 -1 13 -1 #SUP: 6
3 -1 5 -1 #SUP: 8
8 -1 8 -1 8 -1 #SUP: 6
15 -1 15 -1 19 -1 19 -1 #SUP: 7
10 -1 13 -1 13 -1 13 -1 13 -1 #SUP: 7
8 -1 19 -1 #SUP: 6
5 -1 13 -1 13 -1 15 -1 #SUP: 6
1 -1 5 -1 #SUP: 9
8 -1 10 -1 13 -1 13 -1 #SUP: 6
10 -1 8 -1 #SUP: 6
10 -1 13 -1 15 -1 15 -1 #SUP: 8
13 -1 #SUP: 15
2 -1 #SUP: 11
10 -1 13 -1 13 -1 15 -1 #SUP: 7
8 -1 10 -1 13 -1 #SUP: 7
5 -1 10 -1 13 -1 15 -1 #SUP: 7
