5 -1 10 -1 13 -1 13 -1 #SUP: 6 #SID: 7 19 20 25 28 29 
5 -1 15 -1 15 -1 #SUP: 7 #SID: 6 7 12 22 25 28 29 
9 -1 10 -1 #SUP: 8 #SID: 5 6 14 15 18 19 25 28 
1 -1 10 -1 #SUP: 10 #SID: 5 6 7 12 13 15 16 17 18 22 
13 -1 8 -1 #SUP: 7 #SID: 10 12 16 19 22 25 29 
15 -1 #SUP: 16 #SID: 2 4 6 7 9 10 11 12 19 22 24 25 26 27 28 29 
5 -1 13 -1 13 -1 13 -1 #SUP: 7 #SID: 10 14 16 20 22 25 29 
8 -1 15 -1 15 -1 #SUP: 6 #SID: 6 22 25 26 28 29 
8 -1 9 -1 #SUP: 7 #SID: 5 16 18 19 25 26 28 
15 -1 19 -1 #SUP: 8 #SID: 4 7 11 12 24 25 26 28 
8 -1 13 -1 15 -1 #SUP: 7 #SID: 6 10 19 22 25 28 29 
10 -1 13 -1 13 -1 13 -1 #SUP: 8 #SID: 4 9 14 16 20 22 25 29 
10 -1 15 -1 15 -1 #SUP: 9 #SID: 4 6 7 9 12 22 25 28 29 
13 -1 15 -1 15 -1 #SUP: 9 #SID: 4 6 7 9 12 22 25 28 29 
5 -1 10 -1 13 -1 #SUP: 8 #SID: 6 7 12 19 20 25 28 29 
5 -1 #SUP: 16 #SID: 6 7 10 12 13 14 15 16 18 19 20 22 23 25 28 29 
5 -1 8 -1 #SUP: 8 #SID: 10 12 16 18 19 20 25 29 
13 -1 13 -1 13 -1 #SUP: 9 #SID: 4 9 10 14 16 20 22 25 29 
19 -1 #SUP: 9 #SID: 4 7 11 12 13 24 25 26 28 
9 -1 8 -1 #SUP: 8 #SID: 6 14 16 18 19 25 26 28 
13 -1 13 -1 15 -1 #SUP: 9 #SID: 4 7 9 10 19 22 25 28 29 
5 -1 13 -1 15 -1 #SUP: 9 #SID: 6 7 10 12 19 22 25 28 29 
8 -1 13 -1 13 -1 #SUP: 8 #SID: 10 14 16 19 20 22 28 29 
5 -1 10 -1 #SUP: 9 #SID: 6 7 12 13 19 20 25 28 29 
8 -1 5 -1 #SUP: 9 #SID: 6 13 14 16 18 19 22 23 28 
10 -1 13 -1 15 -1 #SUP: 10 #SID: 4 6 7 9 12 19 22 25 28 29 
2 -1 16 -1 #SUP: 5 #SID: 1 6 7 10 12 
1 -1 #SUP: 12 #SID: 5 6 7 10 12 13 15 16 17 18 22 24 
8 -1 15 -1 #SUP: 8 #SID: 6 10 19 22 25 26 28 29 
10 -1 13 -1 15 -1 15 -1 15 -1 15 -1 15 -1 15 -1 #SUP: 5 #SID: 4 6 7 9 12 
10 -1 13 -1 15 -1 15 -1 16 -1 15 -1 15 -1 #SUP: 5 #SID: 4 6 7 9 12 
8 -1 #SUP: 18 #SID: 1 5 6 10 11 12 13 14 16 18 19 20 22 23 25 26 28 29 
13 -1 15 -1 #SUP: 11 #SID: 4 6 7 9 10 12 19 22 25 28 29 
9 -1 #SUP: 10 #SID: 5 6 14 15 16 18 19 25 26 28 
8 -1 8 -1 #SUP: 9 #SID: 10 13 16 18 19 20 23 26 28 
10 -1 #SUP: 19 #SID: 4 5 6 7 9 12 13 14 15 16 17 18 19 20 22 23 25 28 29 
13 -1 15 -1 16 -1 #SUP: 6 #SID: 4 6 7 9 10 12 
16 -1 #SUP: 7 #SID: 1 4 6 7 9 10 12 
4 -1 1 -1 5 -1 #SUP: 5 #SID: 6 7 10 13 15 
4 -1 8 -1 10 -1 #SUP: 5 #SID: 5 6 13 14 18 
8 -1 10 -1 #SUP: 11 #SID: 5 6 13 14 16 18 19 20 22 23 28 
1 -1 5 -1 13 -1 15 -1 #SUP: 5 #SID: 6 7 10 12 22 
4 -1 9 -1 10 -1 #SUP: 5 #SID: 5 6 14 15 18 
2 -1 9 -1 #SUP: 5 #SID: 5 6 14 16 18 
4 -1 2 -1 10 -1 #SUP: 5 #SID: 5 7 14 15 18 
1 -1 2 -1 8 -1 #SUP: 5 #SID: 5 10 12 16 18 
8 -1 13 -1 #SUP: 10 #SID: 6 10 14 16 19 20 22 25 28 29 
5 -1 13 -1 13 -1 #SUP: 10 #SID: 7 10 14 16 19 20 22 25 28 29 
1 -1 10 -1 13 -1 #SUP: 5 #SID: 6 7 12 16 22 
4 -1 2 -1 5 -1 #SUP: 5 #SID: 7 10 14 15 18 
2 -1 5 -1 13 -1 #SUP: 6 #SID: 6 7 10 12 14 16 
10 -1 13 -1 13 -1 #SUP: 11 #SID: 4 7 9 14 16 19 20 22 25 28 29 
4 -1 8 -1 #SUP: 6 #SID: 5 6 10 13 14 18 
4 -1 2 -1 #SUP: 6 #SID: 5 7 10 14 15 18 
3 -1 5 -1 10 -1 #SUP: 5 #SID: 6 7 13 20 25 
1 -1 5 -1 13 -1 #SUP: 6 #SID: 6 7 10 12 16 22 
1 -1 2 -1 10 -1 #SUP: 6 #SID: 5 7 12 15 17 18 
3 -1 10 -1 13 -1 #SUP: 5 #SID: 6 7 16 20 25 
10 -1 13 -1 13 -1 15 -1 15 -1 15 -1 #SUP: 5 #SID: 4 7 9 25 29 
15 -1 19 -1 15 -1 19 -1 19 -1 19 -1 #SUP: 5 #SID: 4 7 12 25 26 
1 -1 8 -1 5 -1 #SUP: 5 #SID: 6 13 16 18 22 
10 -1 13 -1 15 -1 15 -1 19 -1 19 -1 #SUP: 5 #SID: 4 7 12 25 28 
3 -1 8 -1 13 -1 #SUP: 5 #SID: 6 10 16 20 25 
13 -1 13 -1 13 -1 15 -1 #SUP: 5 #SID: 4 9 10 25 29 
1 -1 2 -1 5 -1 #SUP: 6 #SID: 7 10 12 15 16 18 
3 -1 5 -1 13 -1 13 -1 #SUP: 5 #SID: 7 10 16 20 25 
15 -1 15 -1 #SUP: 12 #SID: 4 6 7 9 11 12 22 25 26 27 28 29 
5 -1 10 -1 13 -1 15 -1 15 -1 15 -1 #SUP: 5 #SID: 6 7 12 25 29 
15 -1 21 -1 #SUP: 5 #SID: 4 7 12 27 29 
1 -1 8 -1 10 -1 #SUP: 6 #SID: 5 6 13 16 18 22 
5 -1 13 -1 #SUP: 12 #SID: 6 7 10 12 14 16 19 20 22 25 28 29 
1 -1 15 -1 #SUP: 6 #SID: 6 7 10 12 22 24 
15 -1 15 -1 19 -1 19 -1 19 -1 19 -1 19 -1 19 -1 #SUP: 5 #SID: 7 11 12 25 26 
2 -1 8 -1 #SUP: 8 #SID: 1 5 6 10 12 14 16 18 
4 -1 5 -1 #SUP: 7 #SID: 6 7 10 13 14 15 18 
10 -1 13 -1 #SUP: 13 #SID: 4 6 7 9 12 14 16 19 20 22 25 28 29 
3 -1 5 -1 13 -1 #SUP: 6 #SID: 6 7 10 16 20 25 
5 -1 10 -1 19 -1 #SUP: 5 #SID: 7 12 13 25 28 
15 -1 15 -1 19 -1 19 -1 19 -1 19 -1 #SUP: 6 #SID: 4 7 11 12 25 26 
9 -1 8 -1 13 -1 #SUP: 5 #SID: 6 14 16 25 28 
10 -1 19 -1 #SUP: 6 #SID: 4 7 12 13 25 28 
3 -1 8 -1 #SUP: 6 #SID: 6 10 13 16 20 25 
10 -1 13 -1 13 -1 13 -1 13 -1 13 -1 13 -1 #SUP: 5 #SID: 4 16 20 22 29 
13 -1 13 -1 13 -1 13 -1 13 -1 13 -1 13 -1 13 -1 #SUP: 5 #SID: 4 16 20 22 29 
9 -1 10 -1 13 -1 #SUP: 5 #SID: 6 14 19 25 28 
10 -1 13 -1 15 -1 15 -1 15 -1 #SUP: 7 #SID: 4 6 7 9 12 25 29 
8 -1 8 -1 13 -1 13 -1 #SUP: 5 #SID: 10 16 19 20 28 
8 -1 10 -1 5 -1 #SUP: 5 #SID: 14 16 18 22 23 
2 -1 10 -1 #SUP: 8 #SID: 5 6 7 12 14 15 17 18 
4 -1 10 -1 #SUP: 8 #SID: 5 6 7 13 14 15 17 18 
2 -1 5 -1 #SUP: 8 #SID: 6 7 10 12 14 15 16 18 
8 -1 5 -1 13 -1 13 -1 #SUP: 5 #SID: 14 16 19 22 28 
1 -1 2 -1 #SUP: 8 #SID: 5 7 10 12 15 16 17 18 
5 -1 8 -1 13 -1 #SUP: 5 #SID: 10 16 20 25 29 
5 -1 13 -1 13 -1 13 -1 13 -1 13 -1 #SUP: 5 #SID: 14 16 20 22 29 
8 -1 13 -1 13 -1 13 -1 13 -1 13 -1 #SUP: 5 #SID: 14 16 20 22 29 
10 -1 13 -1 8 -1 #SUP: 5 #SID: 12 16 19 25 29 
1 -1 8 -1 #SUP: 8 #SID: 5 6 10 12 13 16 18 22 
3 -1 10 -1 #SUP: 7 #SID: 6 7 13 15 16 20 25 
8 -1 19 -1 19 -1 #SUP: 5 #SID: 11 12 25 26 28 
9 -1 13 -1 13 -1 #SUP: 5 #SID: 14 16 19 25 28 
10 -1 13 -1 13 -1 15 -1 15 -1 #SUP: 6 #SID: 4 7 9 25 28 29 
13 -1 8 -1 13 -1 #SUP: 5 #SID: 10 16 22 25 29 
13 -1 13 -1 #SUP: 13 #SID: 4 7 9 10 14 16 19 20 22 25 27 28 29 
8 -1 8 -1 10 -1 #SUP: 5 #SID: 13 19 20 23 28 
9 -1 15 -1 #SUP: 5 #SID: 6 19 25 26 28 
4 -1 #SUP: 9 #SID: 5 6 7 10 13 14 15 17 18 
8 -1 5 -1 13 -1 #SUP: 6 #SID: 6 14 16 19 22 28 
10 -1 13 -1 13 -1 13 -1 13 -1 13 -1 #SUP: 6 #SID: 4 14 16 20 22 29 
9 -1 5 -1 #SUP: 6 #SID: 6 14 15 18 25 28 
5 -1 10 -1 13 -1 15 -1 15 -1 #SUP: 6 #SID: 6 7 12 25 28 29 
8 -1 9 -1 8 -1 #SUP: 5 #SID: 16 18 19 26 28 
5 -1 10 -1 13 -1 13 -1 15 -1 #SUP: 5 #SID: 7 19 25 28 29 
9 -1 13 -1 #SUP: 6 #SID: 6 14 16 19 25 28 
10 -1 5 -1 #SUP: 6 #SID: 14 15 16 18 22 23 
5 -1 13 -1 8 -1 #SUP: 6 #SID: 10 12 16 19 25 29 
8 -1 13 -1 13 -1 13 -1 #SUP: 6 #SID: 10 14 16 20 22 29 
3 -1 5 -1 #SUP: 8 #SID: 6 7 10 13 15 16 20 25 
8 -1 8 -1 8 -1 #SUP: 6 #SID: 13 16 18 19 20 26 
9 -1 9 -1 8 -1 #SUP: 5 #SID: 16 18 25 26 28 
15 -1 15 -1 19 -1 19 -1 #SUP: 7 #SID: 4 7 11 12 25 26 28 
10 -1 13 -1 13 -1 13 -1 13 -1 #SUP: 7 #SID: 4 9 14 16 20 22 29 
8 -1 19 -1 #SUP: 6 #SID: 11 12 13 25 26 28 
5 -1 13 -1 13 -1 15 -1 #SUP: 6 #SID: 7 10 19 25 28 29 
1 -1 5 -1 #SUP: 9 #SID: 6 7 10 12 13 15 16 18 22 
8 -1 10 -1 13 -1 13 -1 #SUP: 6 #SID: 14 16 19 20 22 28 
10 -1 8 -1 #SUP: 6 #SID: 12 16 18 19 25 29 
10 -1 13 -1 15 -1 15 -1 #SUP: 8 #SID: 4 6 7 9 12 25 28 29 
13 -1 #SUP: 15 #SID: 4 6 7 9 10 12 14 16 19 20 22 25 27 28 29 
2 -1 #SUP: 11 #SID: 1 5 6 7 10 12 14 15 16 17 18 
10 -1 13 -1 13 -1 15 -1 #SUP: 7 #SID: 4 7 9 19 25 28 29 
8 -1 10 -1 13 -1 #SUP: 7 #SID: 6 14 16 19 20 22 28 
5 -1 10 -1 13 -1 15 -1 #SUP: 7 #SID: 6 7 12 19 25 28 29 
