5 -1 5 -1 #SUP: 3 #SID: 18 19 22
1 -1 15 -1 19 -1 #SUP: 3 #SID: 6 11 23
8 -1 8 -1 19 -1 #SUP: 3 #SID: 12 25 27
8 -1 9 -1 15 -1 #SUP: 3 #SID: 18 25 27
8 -1 13 -1 8 -1 #SUP: 3 #SID: 9 15 18
9 -1 9 -1 10 -1 #SUP: 3 #SID: 17 24 27
4 -1 10 -1 13 -1 #SUP: 3 #SID: 5 6 13
10 -1 9 -1 8 -1 #SUP: 3 #SID: 15 17 24
9 -1 10 -1 8 -1 #SUP: 3 #SID: 17 18 24
8 -1 9 -1 10 -1 #SUP: 4 #SID: 4 17 18 27
10 -1 8 -1 9 -1 #SUP: 3 #SID: 15 17 24
2 -1 8 -1 16 -1 #SUP: 3 #SID: 0 5 9
8 -1 10 -1 8 -1 #SUP: 3 #SID: 15 17 18
4 -1 8 -1 13 -1 #SUP: 3 #SID: 5 9 13
9 -1 9 -1 5 -1 #SUP: 3 #SID: 17 24 27
3 -1 9 -1 10 -1 #SUP: 3 #SID: 5 14 24
5 -1 8 -1 9 -1 #SUP: 3 #SID: 15 17 24
4 -1 8 -1 8 -1 #SUP: 3 #SID: 9 12 17
1 -1 10 -1 8 -1 #SUP: 3 #SID: 11 15 17
3 -1 9 -1 5 -1 #SUP: 3 #SID: 5 14 24
2 -1 9 -1 5 -1 #SUP: 3 #SID: 5 13 17
2 -1 4 -1 10 -1 #SUP: 3 #SID: 5 6 16
2 -1 8 -1 5 -1 #SUP: 3 #SID: 5 13 17
1 -1 4 -1 10 -1 #SUP: 4 #SID: 4 6 16 17
1 -1 2 -1 10 -1 #SUP: 6 #SID: 4 6 11 14 16 17
4 -1 1 -1 8 -1 #SUP: 3 #SID: 5 9 12
4 -1 3 -1 5 -1 #SUP: 3 #SID: 6 9 12
15 -1 15 -1 13 -1 13 -1 #SUP: 3 #SID: 3 21 26
10 -1 15 -1 13 -1 15 -1 #SUP: 3 #SID: 3 5 21
13 -1 10 -1 15 -1 15 -1 #SUP: 3 #SID: 3 8 21
13 -1 8 -1 15 -1 15 -1 #SUP: 3 #SID: 21 24 28
8 -1 10 -1 15 -1 15 -1 #SUP: 3 #SID: 5 21 27
9 -1 13 -1 13 -1 13 -1 #SUP: 3 #SID: 13 15 24
10 -1 13 -1 13 -1 8 -1 #SUP: 3 #SID: 15 18 24
10 -1 13 -1 8 -1 13 -1 #SUP: 3 #SID: 15 24 28
9 -1 9 -1 13 -1 13 -1 #SUP: 3 #SID: 15 24 27
9 -1 8 -1 13 -1 13 -1 #SUP: 3 #SID: 13 15 27
8 -1 5 -1 15 -1 15 -1 #SUP: 3 #SID: 5 21 27
9 -1 13 -1 13 -1 8 -1 #SUP: 3 #SID: 15 18 24
8 -1 9 -1 13 -1 13 -1 #SUP: 3 #SID: 15 18 27
9 -1 8 -1 10 -1 13 -1 #SUP: 3 #SID: 5 13 27
5 -1 9 -1 13 -1 13 -1 #SUP: 3 #SID: 15 18 24
9 -1 5 -1 13 -1 13 -1 #SUP: 3 #SID: 13 24 27
5 -1 13 -1 13 -1 8 -1 #SUP: 3 #SID: 15 18 24
3 -1 8 -1 13 -1 15 -1 #SUP: 3 #SID: 5 9 24
9 -1 9 -1 8 -1 13 -1 #SUP: 3 #SID: 15 24 27
3 -1 5 -1 10 -1 19 -1 #SUP: 3 #SID: 6 12 24
1 -1 10 -1 13 -1 13 -1 #SUP: 3 #SID: 6 15 21
1 -1 8 -1 13 -1 15 -1 #SUP: 3 #SID: 5 9 21
5 -1 10 -1 13 -1 8 -1 #SUP: 4 #SID: 11 18 24 28
9 -1 8 -1 5 -1 13 -1 #SUP: 3 #SID: 5 13 27
5 -1 9 -1 13 -1 8 -1 #SUP: 3 #SID: 15 18 24
1 -1 5 -1 10 -1 19 -1 #SUP: 3 #SID: 6 11 12
3 -1 8 -1 10 -1 13 -1 #SUP: 3 #SID: 5 15 19
8 -1 8 -1 9 -1 8 -1 #SUP: 3 #SID: 15 17 18
3 -1 9 -1 8 -1 13 -1 #SUP: 3 #SID: 5 15 24
8 -1 9 -1 8 -1 8 -1 #SUP: 3 #SID: 15 17 25
1 -1 8 -1 10 -1 13 -1 #SUP: 3 #SID: 5 15 21
2 -1 9 -1 8 -1 13 -1 #SUP: 3 #SID: 5 13 15
4 -1 9 -1 8 -1 10 -1 #SUP: 3 #SID: 5 13 17
8 -1 8 -1 5 -1 10 -1 #SUP: 3 #SID: 12 18 27
8 -1 5 -1 9 -1 8 -1 #SUP: 3 #SID: 15 17 18
4 -1 9 -1 10 -1 5 -1 #SUP: 3 #SID: 13 14 17
1 -1 8 -1 5 -1 13 -1 #SUP: 3 #SID: 5 15 21
3 -1 8 -1 8 -1 8 -1 #SUP: 3 #SID: 12 15 19
4 -1 9 -1 8 -1 5 -1 #SUP: 3 #SID: 5 13 17
4 -1 2 -1 9 -1 10 -1 #SUP: 3 #SID: 4 13 17
1 -1 8 -1 8 -1 8 -1 #SUP: 3 #SID: 12 15 17
1 -1 8 -1 10 -1 5 -1 #SUP: 3 #SID: 15 17 21
4 -1 2 -1 8 -1 10 -1 #SUP: 3 #SID: 4 13 17
3 -1 1 -1 8 -1 10 -1 #SUP: 3 #SID: 5 12 15
4 -1 2 -1 10 -1 5 -1 #SUP: 3 #SID: 13 14 17
1 -1 2 -1 8 -1 9 -1 #SUP: 3 #SID: 4 15 17
4 -1 1 -1 5 -1 10 -1 #SUP: 3 #SID: 5 6 12
3 -1 1 -1 8 -1 5 -1 #SUP: 3 #SID: 5 12 15
4 -1 1 -1 2 -1 5 -1 #SUP: 3 #SID: 6 9 14
13 -1 13 -1 13 -1 15 -1 16 -1 #SUP: 3 #SID: 3 8 9
8 -1 13 -1 15 -1 15 -1 15 -1 #SUP: 3 #SID: 5 24 28
9 -1 8 -1 13 -1 15 -1 15 -1 #SUP: 3 #SID: 5 24 27
9 -1 10 -1 13 -1 13 -1 15 -1 #SUP: 3 #SID: 18 24 27
5 -1 13 -1 13 -1 13 -1 15 -1 #SUP: 3 #SID: 9 24 28
8 -1 8 -1 13 -1 13 -1 15 -1 #SUP: 3 #SID: 9 18 27
5 -1 10 -1 13 -1 13 -1 13 -1 #SUP: 3 #SID: 19 24 28
5 -1 13 -1 8 -1 13 -1 15 -1 #SUP: 3 #SID: 9 24 28
8 -1 8 -1 10 -1 13 -1 13 -1 #SUP: 3 #SID: 18 19 27
3 -1 10 -1 13 -1 13 -1 13 -1 #SUP: 3 #SID: 15 19 24
5 -1 13 -1 8 -1 13 -1 13 -1 #SUP: 3 #SID: 9 15 28
8 -1 5 -1 10 -1 13 -1 15 -1 #SUP: 3 #SID: 5 18 27
2 -1 8 -1 13 -1 13 -1 13 -1 #SUP: 3 #SID: 9 13 15
3 -1 5 -1 13 -1 13 -1 15 -1 #SUP: 3 #SID: 6 9 24
1 -1 8 -1 13 -1 13 -1 13 -1 #SUP: 3 #SID: 9 15 21
2 -1 5 -1 13 -1 13 -1 13 -1 #SUP: 3 #SID: 9 13 15
1 -1 5 -1 13 -1 13 -1 13 -1 #SUP: 3 #SID: 9 15 21
9 -1 9 -1 9 -1 8 -1 9 -1 #SUP: 3 #SID: 15 17 24
9 -1 9 -1 9 -1 9 -1 8 -1 #SUP: 3 #SID: 15 17 24
3 -1 5 -1 10 -1 13 -1 13 -1 #SUP: 3 #SID: 6 19 24
8 -1 9 -1 9 -1 9 -1 8 -1 #SUP: 3 #SID: 15 17 25
3 -1 5 -1 13 -1 8 -1 13 -1 #SUP: 3 #SID: 9 15 24
4 -1 2 -1 5 -1 13 -1 13 -1 #SUP: 3 #SID: 6 9 13
1 -1 2 -1 5 -1 13 -1 13 -1 #SUP: 3 #SID: 6 9 15
1 -1 2 -1 5 -1 13 -1 8 -1 #SUP: 3 #SID: 9 11 15
1 -1 2 -1 5 -1 8 -1 8 -1 #SUP: 3 #SID: 9 15 17
15 -1 19 -1 8 -1 19 -1 19 -1 19 -1 #SUP: 3 #SID: 10 11 25
10 -1 13 -1 15 -1 19 -1 15 -1 15 -1 #SUP: 3 #SID: 3 11 24
10 -1 13 -1 13 -1 15 -1 15 -1 18 -1 #SUP: 3 #SID: 3 6 8
9 -1 5 -1 10 -1 13 -1 15 -1 15 -1 #SUP: 3 #SID: 5 24 27
3 -1 5 -1 8 -1 13 -1 13 -1 13 -1 #SUP: 3 #SID: 9 15 19
2 -1 3 -1 5 -1 13 -1 15 -1 16 -1 #SUP: 3 #SID: 5 6 9
4 -1 1 -1 5 -1 13 -1 15 -1 16 -1 #SUP: 3 #SID: 5 6 9
1 -1 2 -1 5 -1 13 -1 15 -1 16 -1 #SUP: 3 #SID: 6 9 11
3 -1 5 -1 8 -1 8 -1 13 -1 13 -1 #SUP: 3 #SID: 9 15 19
10 -1 13 -1 15 -1 15 -1 16 -1 15 -1 21 -1 #SUP: 3 #SID: 3 6 11
10 -1 13 -1 13 -1 15 -1 15 -1 15 -1 21 -1 #SUP: 3 #SID: 3 6 28
10 -1 13 -1 13 -1 15 -1 15 -1 19 -1 15 -1 #SUP: 3 #SID: 3 6 24
9 -1 9 -1 8 -1 15 -1 15 -1 19 -1 19 -1 #SUP: 3 #SID: 24 25 27
5 -1 10 -1 13 -1 15 -1 15 -1 15 -1 21 -1 #SUP: 3 #SID: 6 11 28
5 -1 10 -1 13 -1 13 -1 15 -1 15 -1 15 -1 #SUP: 3 #SID: 6 24 28
3 -1 5 -1 10 -1 13 -1 15 -1 15 -1 15 -1 #SUP: 3 #SID: 5 6 24
15 -1 19 -1 15 -1 19 -1 19 -1 19 -1 19 -1 19 -1 #SUP: 3 #SID: 11 24 25
10 -1 13 -1 15 -1 15 -1 15 -1 15 -1 15 -1 21 -1 #SUP: 3 #SID: 3 6 11
5 -1 10 -1 13 -1 13 -1 15 -1 15 -1 19 -1 19 -1 #SUP: 3 #SID: 6 24 27
10 -1 13 -1 13 -1 13 -1 13 -1 15 -1 15 -1 15 -1 #SUP: 3 #SID: 3 8 28
8 -1 10 -1 5 -1 13 -1 13 -1 13 -1 13 -1 13 -1 #SUP: 3 #SID: 13 15 21
10 -1 13 -1 13 -1 15 -1 15 -1 19 -1 19 -1 19 -1 19 -1 #SUP: 3 #SID: 3 6 24
10 -1 13 -1 13 -1 15 -1 19 -1 15 -1 19 -1 19 -1 19 -1 #SUP: 3 #SID: 3 6 24
5 -1 10 -1 13 -1 15 -1 15 -1 19 -1 19 -1 19 -1 15 -1 #SUP: 3 #SID: 6 11 24
13 -1 8 -1 13 -1 13 -1 13 -1 13 -1 13 -1 13 -1 13 -1 #SUP: 3 #SID: 15 21 28
2 -1 5 -1 10 -1 13 -1 15 -1 15 -1 16 -1 15 -1 15 -1 #SUP: 3 #SID: 5 6 11
1 -1 5 -1 10 -1 13 -1 15 -1 15 -1 16 -1 15 -1 15 -1 #SUP: 3 #SID: 5 6 11
5 -1 8 -1 13 -1 13 -1 13 -1 13 -1 13 -1 13 -1 13 -1 #SUP: 3 #SID: 15 19 28
15 -1 15 -1 19 -1 19 -1 19 -1 19 -1 19 -1 19 -1 19 -1 19 -1 #SUP: 3 #SID: 6 10 25
10 -1 13 -1 15 -1 15 -1 15 -1 15 -1 15 -1 16 -1 15 -1 15 -1 #SUP: 3 #SID: 3 5 8
10 -1 13 -1 13 -1 15 -1 15 -1 15 -1 15 -1 16 -1 15 -1 15 -1 #SUP: 3 #SID: 3 6 8
2 -1 5 -1 10 -1 13 -1 15 -1 15 -1 15 -1 15 -1 15 -1 15 -1 #SUP: 3 #SID: 5 6 11
1 -1 5 -1 10 -1 13 -1 15 -1 15 -1 15 -1 15 -1 15 -1 15 -1 #SUP: 3 #SID: 5 6 11
10 -1 13 -1 15 -1 15 -1 16 -1 15 -1 19 -1 15 -1 19 -1 19 -1 19 -1 #SUP: 3 #SID: 3 6 11
10 -1 13 -1 15 -1 15 -1 16 -1 15 -1 15 -1 19 -1 19 -1 19 -1 19 -1 #SUP: 3 #SID: 3 6 11
5 -1 10 -1 13 -1 15 -1 19 -1 19 -1 15 -1 19 -1 19 -1 19 -1 19 -1 #SUP: 3 #SID: 6 11 24
5 -1 10 -1 13 -1 15 -1 15 -1 19 -1 19 -1 19 -1 19 -1 19 -1 19 -1 #SUP: 3 #SID: 6 11 24
5 -1 10 -1 13 -1 15 -1 19 -1 19 -1 19 -1 15 -1 19 -1 19 -1 19 -1 #SUP: 3 #SID: 6 11 24
10 -1 13 -1 15 -1 16 -1 15 -1 16 -1 16 -1 15 -1 15 -1 15 -1 15 -1 #SUP: 3 #SID: 3 5 11
10 -1 13 -1 15 -1 15 -1 15 -1 15 -1 15 -1 19 -1 15 -1 19 -1 19 -1 19 -1 #SUP: 3 #SID: 3 6 11
15 -1 19 -1 19 -1 19 -1 19 -1 19 -1 19 -1 19 -1 19 -1 19 -1 19 -1 19 -1 19 -1 19 -1 #SUP: 3 #SID: 10 24 25
8 -1 19 -1 19 -1 19 -1 19 -1 19 -1 19 -1 19 -1 19 -1 19 -1 19 -1 19 -1 19 -1 19 -1 #SUP: 3 #SID: 10 24 25
5 -1 13 -1 13 -1 13 -1 13 -1 13 -1 13 -1 13 -1 13 -1 13 -1 13 -1 13 -1 13 -1 13 -1 13 -1 #SUP: 3 #SID: 15 19 21
8 -1 10 -1 13 -1 13 -1 13 -1 13 -1 13 -1 13 -1 13 -1 13 -1 13 -1 13 -1 13 -1 13 -1 13 -1 13 -1 #SUP: 3 #SID: 15 19 21
