10 -1 19 -1 #SUP: 6 #SID: 3 6 11 12 24 27
8 -1 19 -1 #SUP: 6 #SID: 10 11 12 24 25 27
9 -1 13 -1 #SUP: 6 #SID: 5 13 15 18 24 27
9 -1 10 -1 #SUP: 8 #SID: 4 5 13 14 17 18 24 27
10 -1 8 -1 #SUP: 6 #SID: 11 15 17 18 24 28
8 -1 9 -1 #SUP: 7 #SID: 4 15 17 18 24 25 27
9 -1 8 -1 #SUP: 8 #SID: 5 13 15 17 18 24 25 27
1 -1 15 -1 #SUP: 6 #SID: 5 6 9 11 21 23
10 -1 5 -1 #SUP: 6 #SID: 13 14 15 17 21 22
9 -1 5 -1 #SUP: 6 #SID: 5 13 14 17 24 27
4 -1 10 -1 #SUP: 8 #SID: 4 5 6 12 13 14 16 17
3 -1 10 -1 #SUP: 7 #SID: 5 6 12 14 15 19 24
4 -1 8 -1 #SUP: 6 #SID: 4 5 9 12 13 17
3 -1 8 -1 #SUP: 6 #SID: 5 9 12 15 19 24
2 -1 8 -1 #SUP: 8 #SID: 0 4 5 9 11 13 15 17
4 -1 5 -1 #SUP: 7 #SID: 5 6 9 12 13 14 17
4 -1 2 -1 #SUP: 6 #SID: 4 6 9 13 14 17
13 -1 15 -1 16 -1 #SUP: 6 #SID: 3 5 6 8 9 11
8 -1 15 -1 15 -1 #SUP: 6 #SID: 5 21 24 25 27 28
8 -1 13 -1 15 -1 #SUP: 7 #SID: 5 9 18 21 24 27 28
8 -1 5 -1 13 -1 #SUP: 6 #SID: 5 13 15 18 21 27
5 -1 13 -1 8 -1 #SUP: 6 #SID: 9 11 15 18 24 28
8 -1 8 -1 8 -1 #SUP: 6 #SID: 12 15 17 18 19 25
3 -1 5 -1 13 -1 #SUP: 6 #SID: 5 6 9 15 19 24
2 -1 5 -1 13 -1 #SUP: 6 #SID: 5 6 9 11 13 15
1 -1 5 -1 13 -1 #SUP: 6 #SID: 5 6 9 11 15 21
1 -1 8 -1 10 -1 #SUP: 6 #SID: 4 5 12 15 17 21
1 -1 2 -1 10 -1 #SUP: 6 #SID: 4 6 11 14 16 17
1 -1 2 -1 5 -1 #SUP: 6 #SID: 6 9 11 14 15 17
8 -1 13 -1 13 -1 13 -1 #SUP: 6 #SID: 9 13 15 19 21 28
5 -1 13 -1 13 -1 15 -1 #SUP: 6 #SID: 6 9 18 24 27 28
5 -1 13 -1 13 -1 13 -1 #SUP: 7 #SID: 9 13 15 19 21 24 28
8 -1 10 -1 13 -1 13 -1 #SUP: 6 #SID: 13 15 18 19 21 27
5 -1 10 -1 13 -1 13 -1 #SUP: 6 #SID: 6 18 19 24 27 28
10 -1 13 -1 15 -1 15 -1 15 -1 #SUP: 7 #SID: 3 5 6 8 11 24 28
10 -1 13 -1 13 -1 15 -1 15 -1 #SUP: 6 #SID: 3 6 8 24 27 28
5 -1 10 -1 13 -1 15 -1 15 -1 #SUP: 6 #SID: 5 6 11 24 27 28
15 -1 15 -1 19 -1 19 -1 19 -1 19 -1 #SUP: 6 #SID: 3 6 10 11 24 25
10 -1 13 -1 13 -1 13 -1 13 -1 13 -1 #SUP: 6 #SID: 3 13 15 19 21 28
