5 -1 5 -1 #SUP: 3
1 -1 15 -1 19 -1 #SUP: 3
8 -1 8 -1 19 -1 #SUP: 3
8 -1 9 -1 15 -1 #SUP: 3
8 -1 13 -1 8 -1 #SUP: 3
9 -1 9 -1 10 -1 #SUP: 3
10 -1 8 -1 9 -1 #SUP: 3
10 -1 9 -1 8 -1 #SUP: 3
8 -1 9 -1 10 -1 #SUP: 4
4 -1 10 -1 13 -1 #SUP: 3
9 -1 10 -1 8 -1 #SUP: 3
8 -1 10 -1 8 -1 #SUP: 3
2 -1 8 -1 16 -1 #SUP: 3
4 -1 8 -1 13 -1 #SUP: 3
9 -1 9 -1 5 -1 #SUP: 3
3 -1 9 -1 10 -1 #SUP: 3
5 -1 8 -1 9 -1 #SUP: 3
4 -1 8 -1 8 -1 #SUP: 3
1 -1 10 -1 8 -1 #SUP: 3
3 -1 9 -1 5 -1 #SUP: 3
2 -1 4 -1 10 -1 #SUP: 3
2 -1 9 -1 5 -1 #SUP: 3
2 -1 8 -1 5 -1 #SUP: 3
1 -1 4 -1 10 -1 #SUP: 4
1 -1 2 -1 10 -1 #SUP: 6
4 -1 1 -1 8 -1 #SUP: 3
4 -1 3 -1 5 -1 #SUP: 3
15 -1 15 -1 13 -1 13 -1 #SUP: 3
13 -1 10 -1 15 -1 15 -1 #SUP: 3
10 -1 15 -1 13 -1 15 -1 #SUP: 3
13 -1 8 -1 15 -1 15 -1 #SUP: 3
9 -1 13 -1 13 -1 13 -1 #SUP: 3
8 -1 10 -1 15 -1 15 -1 #SUP: 3
10 -1 13 -1 13 -1 8 -1 #SUP: 3
10 -1 13 -1 8 -1 13 -1 #SUP: 3
9 -1 9 -1 13 -1 13 -1 #SUP: 3
8 -1 9 -1 13 -1 13 -1 #SUP: 3
9 -1 8 -1 13 -1 13 -1 #SUP: 3
9 -1 13 -1 13 -1 8 -1 #SUP: 3
8 -1 5 -1 15 -1 15 -1 #SUP: 3
5 -1 9 -1 13 -1 13 -1 #SUP: 3
9 -1 8 -1 10 -1 13 -1 #SUP: 3
9 -1 5 -1 13 -1 13 -1 #SUP: 3
5 -1 13 -1 13 -1 8 -1 #SUP: 3
9 -1 9 -1 8 -1 13 -1 #SUP: 3
3 -1 8 -1 13 -1 15 -1 #SUP: 3
1 -1 8 -1 13 -1 15 -1 #SUP: 3
3 -1 5 -1 10 -1 19 -1 #SUP: 3
1 -1 10 -1 13 -1 13 -1 #SUP: 3
5 -1 10 -1 13 -1 8 -1 #SUP: 4
5 -1 9 -1 13 -1 8 -1 #SUP: 3
9 -1 8 -1 5 -1 13 -1 #SUP: 3
1 -1 5 -1 10 -1 19 -1 #SUP: 3
3 -1 8 -1 10 -1 13 -1 #SUP: 3
3 -1 9 -1 8 -1 13 -1 #SUP: 3
8 -1 9 -1 8 -1 8 -1 #SUP: 3
8 -1 8 -1 9 -1 8 -1 #SUP: 3
1 -1 8 -1 10 -1 13 -1 #SUP: 3
2 -1 9 -1 8 -1 13 -1 #SUP: 3
8 -1 8 -1 5 -1 10 -1 #SUP: 3
4 -1 9 -1 8 -1 10 -1 #SUP: 3
8 -1 5 -1 9 -1 8 -1 #SUP: 3
4 -1 9 -1 10 -1 5 -1 #SUP: 3
1 -1 8 -1 5 -1 13 -1 #SUP: 3
3 -1 8 -1 8 -1 8 -1 #SUP: 3
4 -1 9 -1 8 -1 5 -1 #SUP: 3
4 -1 2 -1 9 -1 10 -1 #SUP: 3
1 -1 8 -1 8 -1 8 -1 #SUP: 3
4 -1 2 -1 8 -1 10 -1 #SUP: 3
1 -1 8 -1 10 -1 5 -1 #SUP: 3
3 -1 1 -1 8 -1 10 -1 #SUP: 3
4 -1 2 -1 10 -1 5 -1 #SUP: 3
4 -1 1 -1 5 -1 10 -1 #SUP: 3
1 -1 2 -1 8 -1 9 -1 #SUP: 3
3 -1 1 -1 8 -1 5 -1 #SUP: 3
4 -1 1 -1 2 -1 5 -1 #SUP: 3
13 -1 13 -1 13 -1 15 -1 16 -1 #SUP: 3
8 -1 13 -1 15 -1 15 -1 15 -1 #SUP: 3
9 -1 8 -1 13 -1 15 -1 15 -1 #SUP: 3
9 -1 10 -1 13 -1 13 -1 15 -1 #SUP: 3
5 -1 13 -1 13 -1 13 -1 15 -1 #SUP: 3
8 -1 8 -1 13 -1 13 -1 15 -1 #SUP: 3
5 -1 13 -1 8 -1 13 -1 15 -1 #SUP: 3
5 -1 10 -1 13 -1 13 -1 13 -1 #SUP: 3
3 -1 10 -1 13 -1 13 -1 13 -1 #SUP: 3
8 -1 8 -1 10 -1 13 -1 13 -1 #SUP: 3
5 -1 13 -1 8 -1 13 -1 13 -1 #SUP: 3
8 -1 5 -1 10 -1 13 -1 15 -1 #SUP: 3
2 -1 8 -1 13 -1 13 -1 13 -1 #SUP: 3
3 -1 5 -1 13 -1 13 -1 15 -1 #SUP: 3
1 -1 8 -1 13 -1 13 -1 13 -1 #SUP: 3
2 -1 5 -1 13 -1 13 -1 13 -1 #SUP: 3
1 -1 5 -1 13 -1 13 -1 13 -1 #SUP: 3
9 -1 9 -1 9 -1 9 -1 8 -1 #SUP: 3
9 -1 9 -1 9 -1 8 -1 9 -1 #SUP: 3
3 -1 5 -1 10 -1 13 -1 13 -1 #SUP: 3
8 -1 9 -1 9 -1 9 -1 8 -1 #SUP: 3
3 -1 5 -1 13 -1 8 -1 13 -1 #SUP: 3
4 -1 2 -1 5 -1 13 -1 13 -1 #SUP: 3
1 -1 2 -1 5 -1 13 -1 13 -1 #SUP: 3
1 -1 2 -1 5 -1 13 -1 8 -1 #SUP: 3
1 -1 2 -1 5 -1 8 -1 8 -1 #SUP: 3
15 -1 19 -1 8 -1 19 -1 19 -1 19 -1 #SUP: 3
10 -1 13 -1 15 -1 19 -1 15 -1 15 -1 #SUP: 3
10 -1 13 -1 13 -1 15 -1 15 -1 18 -1 #SUP: 3
9 -1 5 -1 10 -1 13 -1 15 -1 15 -1 #SUP: 3
3 -1 5 -1 8 -1 13 -1 13 -1 13 -1 #SUP: 3
2 -1 3 -1 5 -1 13 -1 15 -1 16 -1 #SUP: 3
4 -1 1 -1 5 -1 13 -1 15 -1 16 -1 #SUP: 3
1 -1 2 -1 5 -1 13 -1 15 -1 16 -1 #SUP: 3
3 -1 5 -1 8 -1 8 -1 13 -1 13 -1 #SUP: 3
10 -1 13 -1 15 -1 15 -1 16 -1 15 -1 21 -1 #SUP: 3
10 -1 13 -1 13 -1 15 -1 15 -1 15 -1 21 -1 #SUP: 3
10 -1 13 -1 13 -1 15 -1 15 -1 19 -1 15 -1 #SUP: 3
9 -1 9 -1 8 -1 15 -1 15 -1 19 -1 19 -1 #SUP: 3
5 -1 10 -1 13 -1 15 -1 15 -1 15 -1 21 -1 #SUP: 3
5 -1 10 -1 13 -1 13 -1 15 -1 15 -1 15 -1 #SUP: 3
3 -1 5 -1 10 -1 13 -1 15 -1 15 -1 15 -1 #SUP: 3
15 -1 19 -1 15 -1 19 -1 19 -1 19 -1 19 -1 19 -1 #SUP: 3
10 -1 13 -1 15 -1 15 -1 15 -1 15 -1 15 -1 21 -1 #SUP: 3
5 -1 10 -1 13 -1 13 -1 15 -1 15 -1 19 -1 19 -1 #SUP: 3
10 -1 13 -1 13 -1 13 -1 13 -1 15 -1 15 -1 15 -1 #SUP: 3
8 -1 10 -1 5 -1 13 -1 13 -1 13 -1 13 -1 13 -1 #SUP: 3
10 -1 13 -1 13 -1 15 -1 19 -1 15 -1 19 -1 19 -1 19 -1 #SUP: 3
10 -1 13 -1 13 -1 15 -1 15 -1 19 -1 19 -1 19 -1 19 -1 #SUP: 3
5 -1 10 -1 13 -1 15 -1 15 -1 19 -1 19 -1 19 -1 15 -1 #SUP: 3
13 -1 8 -1 13 -1 13 -1 13 -1 13 -1 13 -1 13 -1 13 -1 #SUP: 3
2 -1 5 -1 10 -1 13 -1 15 -1 15 -1 16 -1 15 -1 15 -1 #SUP: 3
1 -1 5 -1 10 -1 13 -1 15 -1 15 -1 16 -1 15 -1 15 -1 #SUP: 3
5 -1 8 -1 13 -1 13 -1 13 -1 13 -1 13 -1 13 -1 13 -1 #SUP: 3
15 -1 15 -1 19 -1 19 -1 19 -1 19 -1 19 -1 19 -1 19 -1 19 -1 #SUP: 3
10 -1 13 -1 15 -1 15 -1 15 -1 15 -1 15 -1 16 -1 15 -1 15 -1 #SUP: 3
10 -1 13 -1 13 -1 15 -1 15 -1 15 -1 15 -1 16 -1 15 -1 15 -1 #SUP: 3
2 -1 5 -1 10 -1 13 -1 15 -1 15 -1 15 -1 15 -1 15 -1 15 -1 #SUP: 3
1 -1 5 -1 10 -1 13 -1 15 -1 15 -1 15 -1 15 -1 15 -1 15 -1 #SUP: 3
10 -1 13 -1 15 -1 15 -1 16 -1 15 -1 19 -1 15 -1 19 -1 19 -1 19 -1 #SUP: 3
10 -1 13 -1 15 -1 15 -1 16 -1 15 -1 15 -1 19 -1 19 -1 19 -1 19 -1 #SUP: 3
5 -1 10 -1 13 -1 15 -1 19 -1 19 -1 15 -1 19 -1 19 -1 19 -1 19 -1 #SUP: 3
5 -1 10 -1 13 -1 15 -1 15 -1 19 -1 19 -1 19 -1 19 -1 19 -1 19 -1 #SUP: 3
5 -1 10 -1 13 -1 15 -1 19 -1 19 -1 19 -1 15 -1 19 -1 19 -1 19 -1 #SUP: 3
10 -1 13 -1 15 -1 16 -1 15 -1 16 -1 16 -1 15 -1 15 -1 15 -1 15 -1 #SUP: 3
10 -1 13 -1 15 -1 15 -1 15 -1 15 -1 15 -1 19 -1 15 -1 19 -1 19 -1 19 -1 #SUP: 3
15 -1 19 -1 19 -1 19 -1 19 -1 19 -1 19 -1 19 -1 19 -1 19 -1 19 -1 19 -1 19 -1 19 -1 #SUP: 3
8 -1 19 -1 19 -1 19 -1 19 -1 19 -1 19 -1 19 -1 19 -1 19 -1 19 -1 19 -1 19 -1 19 -1 #SUP: 3
5 -1 13 -1 13 -1 13 -1 13 -1 13 -1 13 -1 13 -1 13 -1 13 -1 13 -1 13 -1 13 -1 13 -1 13 -1 #SUP: 3
8 -1 10 -1 13 -1 13 -1 13 -1 13 -1 13 -1 13 -1 13 -1 13 -1 13 -1 13 -1 13 -1 13 -1 13 -1 13 -1 #SUP: 3
