15 -1 13 -1 #SUP: 4 #SID: 3 5 21 26
15 -1 8 -1 #SUP: 4 #SID: 10 11 18 25
1 -1 19 -1 #SUP: 4 #SID: 6 11 12 23
3 -1 9 -1 #SUP: 4 #SID: 5 14 15 24
8 -1 8 -1 15 -1 #SUP: 4 #SID: 9 18 25 27
9 -1 8 -1 13 -1 #SUP: 5 #SID: 5 13 15 24 27
9 -1 8 -1 10 -1 #SUP: 4 #SID: 5 13 17 27
9 -1 5 -1 13 -1 #SUP: 4 #SID: 5 13 24 27
8 -1 9 -1 10 -1 #SUP: 4 #SID: 4 17 18 27
8 -1 8 -1 10 -1 #SUP: 5 #SID: 12 18 19 22 27
2 -1 10 -1 13 -1 #SUP: 4 #SID: 5 6 11 13
8 -1 8 -1 8 -1 #SUP: 6 #SID: 12 15 17 18 19 25
2 -1 8 -1 13 -1 #SUP: 4 #SID: 5 9 13 15
8 -1 10 -1 5 -1 #SUP: 5 #SID: 13 15 17 21 22
8 -1 5 -1 10 -1 #SUP: 4 #SID: 5 12 18 27
4 -1 9 -1 10 -1 #SUP: 5 #SID: 4 5 13 14 17
4 -1 8 -1 10 -1 #SUP: 5 #SID: 4 5 12 13 17
4 -1 5 -1 13 -1 #SUP: 4 #SID: 5 6 9 13
1 -1 8 -1 13 -1 #SUP: 4 #SID: 5 9 15 21
9 -1 8 -1 5 -1 #SUP: 4 #SID: 5 13 17 27
5 -1 9 -1 8 -1 #SUP: 4 #SID: 15 17 18 24
8 -1 8 -1 5 -1 #SUP: 4 #SID: 12 18 22 27
2 -1 9 -1 10 -1 #SUP: 4 #SID: 4 5 13 17
3 -1 8 -1 10 -1 #SUP: 4 #SID: 5 12 15 19
5 -1 8 -1 8 -1 #SUP: 4 #SID: 9 15 17 19
2 -1 8 -1 10 -1 #SUP: 4 #SID: 4 5 13 17
2 -1 9 -1 8 -1 #SUP: 4 #SID: 5 13 15 17
3 -1 8 -1 8 -1 #SUP: 4 #SID: 9 12 15 19
1 -1 8 -1 10 -1 #SUP: 6 #SID: 4 5 12 15 17 21
4 -1 9 -1 5 -1 #SUP: 4 #SID: 5 13 14 17
4 -1 8 -1 5 -1 #SUP: 4 #SID: 5 12 13 17
1 -1 8 -1 8 -1 #SUP: 4 #SID: 9 12 15 17
4 -1 2 -1 10 -1 #SUP: 5 #SID: 4 6 13 14 17
1 -1 10 -1 5 -1 #SUP: 4 #SID: 14 15 17 21
1 -1 5 -1 10 -1 #SUP: 4 #SID: 5 6 11 12
4 -1 1 -1 10 -1 #SUP: 4 #SID: 5 6 12 14
1 -1 4 -1 10 -1 #SUP: 4 #SID: 4 6 16 17
1 -1 8 -1 5 -1 #SUP: 5 #SID: 5 12 15 17 21
3 -1 1 -1 10 -1 #SUP: 4 #SID: 5 12 14 15
4 -1 2 -1 8 -1 #SUP: 4 #SID: 4 9 13 17
1 -1 2 -1 10 -1 #SUP: 6 #SID: 4 6 11 14 16 17
4 -1 2 -1 5 -1 #SUP: 5 #SID: 6 9 13 14 17
4 -1 1 -1 5 -1 #SUP: 5 #SID: 5 6 9 12 14
3 -1 1 -1 5 -1 #SUP: 4 #SID: 5 12 14 15
8 -1 19 -1 19 -1 19 -1 #SUP: 4 #SID: 10 11 24 25
13 -1 13 -1 15 -1 16 -1 #SUP: 4 #SID: 3 6 8 9
8 -1 13 -1 15 -1 15 -1 #SUP: 4 #SID: 5 24 27 28
13 -1 8 -1 13 -1 15 -1 #SUP: 4 #SID: 9 21 24 28
8 -1 13 -1 13 -1 15 -1 #SUP: 4 #SID: 9 18 27 28
9 -1 8 -1 15 -1 15 -1 #SUP: 4 #SID: 5 24 25 27
13 -1 8 -1 13 -1 13 -1 #SUP: 4 #SID: 9 15 21 28
9 -1 10 -1 13 -1 15 -1 #SUP: 4 #SID: 5 18 24 27
8 -1 10 -1 13 -1 15 -1 #SUP: 4 #SID: 5 18 21 27
9 -1 10 -1 13 -1 13 -1 #SUP: 4 #SID: 13 18 24 27
8 -1 8 -1 13 -1 13 -1 #SUP: 5 #SID: 9 15 18 19 27
8 -1 5 -1 13 -1 15 -1 #SUP: 4 #SID: 5 18 21 27
1 -1 10 -1 15 -1 15 -1 #SUP: 4 #SID: 5 6 11 21
3 -1 10 -1 13 -1 13 -1 #SUP: 4 #SID: 6 15 19 24
8 -1 5 -1 13 -1 13 -1 #SUP: 5 #SID: 13 15 18 21 27
1 -1 10 -1 13 -1 15 -1 #SUP: 4 #SID: 5 6 11 21
5 -1 13 -1 8 -1 13 -1 #SUP: 4 #SID: 9 15 24 28
5 -1 10 -1 13 -1 8 -1 #SUP: 4 #SID: 11 18 24 28
3 -1 5 -1 13 -1 15 -1 #SUP: 4 #SID: 5 6 9 24
1 -1 5 -1 15 -1 15 -1 #SUP: 4 #SID: 5 6 11 21
9 -1 9 -1 9 -1 8 -1 #SUP: 4 #SID: 15 17 24 25
8 -1 9 -1 9 -1 8 -1 #SUP: 4 #SID: 15 17 25 27
2 -1 5 -1 13 -1 13 -1 #SUP: 4 #SID: 6 9 13 15
1 -1 5 -1 13 -1 13 -1 #SUP: 4 #SID: 6 9 15 21
3 -1 5 -1 10 -1 13 -1 #SUP: 4 #SID: 5 6 19 24
3 -1 5 -1 8 -1 13 -1 #SUP: 4 #SID: 9 15 19 24
1 -1 2 -1 5 -1 13 -1 #SUP: 4 #SID: 6 9 11 15
1 -1 2 -1 5 -1 8 -1 #SUP: 4 #SID: 9 11 15 17
5 -1 8 -1 13 -1 13 -1 13 -1 #SUP: 4 #SID: 9 15 19 28
2 -1 5 -1 13 -1 15 -1 16 -1 #SUP: 4 #SID: 5 6 9 11
1 -1 5 -1 13 -1 15 -1 16 -1 #SUP: 4 #SID: 5 6 9 11
3 -1 5 -1 13 -1 13 -1 13 -1 #SUP: 4 #SID: 9 15 19 24
10 -1 13 -1 15 -1 15 -1 15 -1 21 -1 #SUP: 4 #SID: 3 6 11 28
10 -1 13 -1 15 -1 15 -1 19 -1 15 -1 #SUP: 4 #SID: 3 6 11 24
5 -1 10 -1 13 -1 15 -1 15 -1 15 -1 #SUP: 5 #SID: 5 6 11 24 28
5 -1 10 -1 13 -1 13 -1 15 -1 15 -1 #SUP: 4 #SID: 6 24 27 28
15 -1 19 -1 15 -1 19 -1 19 -1 19 -1 19 -1 #SUP: 4 #SID: 6 11 24 25
10 -1 13 -1 13 -1 15 -1 15 -1 19 -1 19 -1 #SUP: 4 #SID: 3 6 24 27
5 -1 10 -1 13 -1 15 -1 15 -1 19 -1 19 -1 #SUP: 4 #SID: 6 11 24 27
10 -1 13 -1 13 -1 13 -1 15 -1 15 -1 15 -1 #SUP: 4 #SID: 3 8 24 28
8 -1 10 -1 13 -1 13 -1 13 -1 13 -1 13 -1 #SUP: 4 #SID: 13 15 19 21
15 -1 15 -1 19 -1 19 -1 19 -1 19 -1 19 -1 19 -1 #SUP: 5 #SID: 6 10 11 24 25
10 -1 13 -1 15 -1 19 -1 15 -1 19 -1 19 -1 19 -1 #SUP: 4 #SID: 3 6 11 24
10 -1 13 -1 15 -1 15 -1 19 -1 19 -1 19 -1 19 -1 #SUP: 4 #SID: 3 6 11 24
8 -1 13 -1 13 -1 13 -1 13 -1 13 -1 13 -1 13 -1 #SUP: 4 #SID: 15 19 21 28
15 -1 19 -1 19 -1 19 -1 19 -1 19 -1 19 -1 19 -1 19 -1 #SUP: 4 #SID: 6 10 24 25
10 -1 13 -1 15 -1 15 -1 15 -1 15 -1 16 -1 15 -1 15 -1 #SUP: 4 #SID: 3 5 6 8
13 -1 13 -1 13 -1 13 -1 13 -1 13 -1 13 -1 13 -1 13 -1 #SUP: 4 #SID: 3 15 19 21
10 -1 13 -1 13 -1 13 -1 13 -1 13 -1 13 -1 13 -1 13 -1 #SUP: 4 #SID: 15 19 21 28
5 -1 13 -1 13 -1 13 -1 13 -1 13 -1 13 -1 13 -1 13 -1 #SUP: 4 #SID: 15 19 21 28
